
   7.910960476       0.000000000       7.910960476    
   0.000000000       0.000000000       7.910960476    

   0.000000000       0.000000000       0.000000000     Ni
   0.000000000       3.955480238       3.955480238     Ni
   3.955480238       0.000000000       3.955480238     Ni
   3.955480238       3.955480238       0.000000000     Ni
   3.955480238       0.000000000       0.000000000     O
   3.955480238       3.955480238       3.955480238     O
   0.000000000       0.000000000       3.955480238     O
   0.000000000       3.955480238       0.000000000     O
