
   11.54452587       0.000000000       11.54452587    
   0.000000000       0.000000000       11.54452587    

   0.000000000       0.000000000       5.772262934     Li
   0.000000000       5.772262934       0.000000000     Li
   5.772262934       0.000000000       0.000000000     Li
   5.772262934       5.772262934       5.772262934     Li
   2.886131467       2.886131467       2.886131467     Zn
   2.886131467       8.658394401       8.658394401     Zn
   8.658394401       2.886131467       8.658394401     Zn
   8.658394401       8.658394401       2.886131467     Zn
   8.658394401       8.658394401       8.658394401     Zn
   8.658394401       2.886131467       2.886131467     Zn
   2.886131467       8.658394401       2.886131467     Zn
   2.886131467       2.886131467       8.658394401     Zn
   0.000000000       0.000000000       0.000000000     Pt
   0.000000000       5.772262934       5.772262934     Pt
   5.772262934       0.000000000       5.772262934     Pt
   5.772262934       5.772262934       0.000000000     Pt
