
   5.593967274       2.796983637       4.844517767    
   2.796983637       1.614839256       4.567455153    

   0.000000000       0.000000000       0.000000000     Ni
   2.796983637       3.229678512       2.283727577     Ni
   4.195475456      0.8074196279       2.283727577     Ni
   4.195475456       2.422258884       0.000000000     Ni
   5.593967274       3.229678512       2.283727577     O
   2.796983637       0.000000000       0.000000000     O
   1.398491819       2.422258884       0.000000000     O
   1.398491819      0.8074196279       2.283727577     O
